(1.000000,1.000000) <-> (2.000000,2.000000) = 1.4142
(1.000000,1.000000) <-> (0.000000,0.000000) = 1.4142
(2.000000,2.000000) <-> (0.000000,0.000000) = 2.8284
(2.000000,2.000000) <-> (5.000000,5.000000) = 4.2426
(-3.000000,3.000000) <-> (0.000000,0.000000) = 4.2426
(1.000000,1.000000) <-> (-3.000000,3.000000) = 4.4721
(2.000000,2.000000) <-> (6.000000,-1.000000) = 5.0000
(2.000000,2.000000) <-> (-3.000000,3.000000) = 5.0990
(1.000000,1.000000) <-> (6.000000,-1.000000) = 5.3852
(1.000000,1.000000) <-> (5.000000,5.000000) = 5.6569
(5.000000,5.000000) <-> (6.000000,-1.000000) = 6.0828
(0.000000,0.000000) <-> (6.000000,-1.000000) = 6.0828
(5.000000,5.000000) <-> (0.000000,0.000000) = 7.0711
(5.000000,5.000000) <-> (-3.000000,3.000000) = 8.2462
(-3.000000,3.000000) <-> (6.000000,-1.000000) = 9.8489
